import numpy as np

dct = np.array([
    [0.353553, 0.490393, 0.46194, 0.415735, 0.353553, 0.277785,
        0.191342, 0.0975452],
    [0.353553, 0.415735, 0.191342, -0.0975452, -0.353553, -0.490393,
        -0.46194, -0.277785],
    [0.353553, 0.277785, -0.191342, -0.490393, -0.353553, 0.0975452,
        0.46194, 0.415735],
    [0.353553, 0.0975452, -0.46194, -0.277785, 0.353553, 0.415735,
        -0.191342, -0.490393],
    [0.353553, -0.0975452, -0.46194, 0.277785, 0.353553, -0.415735,
        -0.191342, 0.490393],
    [0.353553, -0.277785, -0.191342, 0.490393, -0.353553, -0.0975452,
        0.46194, -0.415735],
    [0.353553, -0.415735, 0.191342, 0.0975452, -0.353553, 0.490393,
        -0.46194, 0.277785],
    [0.353553, -0.490393, 0.46194, -0.415735, 0.353553, -0.277785,
        0.191342, -0.0975452]])


charl = np.array([
    [0.9998837279874306, 0.015248004236256054, 0.00016991238010768267,
        1.5974231742782833 * 10 ** -6, 1.3438141387400052 * 10 ** -8,
        1.044629184769896 * 10 ** -10, 7.65805239811894 * 10 ** -13,
        5.368959525050691 * 10 ** -15],
    [0.015248083901691809, -0.9996459740908075, -0.021802106907645925,
        -0.000300906698750956, -3.3039232201175828 * 10 ** -6,
        -4.980890016007353 * 10 ** -8, -1.6691315886421173 * 10 ** -6,
        -0.0001696960864649288],
    [0.00016260788505943172, -0.02180233735356971, 0.9993975676759448,
        0.02699896227441713, 0.00043517228298216645,
        5.402967912720989 * 10 ** -6, 6.709356308498744 * 10 ** -8,
        8.434317507180332 * 10 ** -7],
    [1.4001124306601471 * 10 ** -6, -0.00028797288360211335,
        0.02699939846449393, -0.9991380328805438, -0.03152476125962222,
        -0.0005746031933943799, -7.904902487912597 * 10 ** -6,
        -9.738674978180359 * 10 ** -8],
    [1.0323347322735697 * 10 ** -8, -2.8956440588959214 * 10 ** -6,
        0.00041647053253095044, -0.03152545459149283,
        0.9988668727156759, 0.03564301466273103, 0.000719886493850049,
        0.000010821102813437182],
    [6.731222467029042 * 10 ** -11, -2.4143052159441515 * 10 ** -8,
        4.735556867090698 * 10 ** -6, -0.000549913709223826,
        0.0356440160018571, -0.9985835681397931, -0.03948796649790333,
        -0.000871457436712465],
    [3.961071104562752 * 10 ** -13, -1.7443101738804658 * 10 ** -10,
        4.375000845618494 * 10 ** -8, -6.928598791421721 * 10 ** -6,
        0.0006889602276005678, -0.039489327593173355,
        0.9982875770934406, 0.04313897488452312],
    [2.1333347870048776 * 10 ** -15, -1.1215461977501954 * 10 ** -12,
        3.453707702677198 * 10 ** -10, -6.994077424263778 * 10 ** -8,
        9.484777254003107 * 10 ** -6, -0.0008340269480696419,
        0.043140749225117604, -0.997978333492784]])
