import numpy as np

dct = np.array([
    [0.353553, 0.490393, 0.46194, 0.415735, 0.353553, 0.277785,
        0.191342, 0.0975452],
    [0.353553, 0.415735, 0.191342, -0.0975452, -0.353553, -0.490393,
        -0.46194, -0.277785],
    [0.353553, 0.277785, -0.191342, -0.490393, -0.353553, 0.0975452,
        0.46194, 0.415735],
    [0.353553, 0.0975452, -0.46194, -0.277785, 0.353553, 0.415735,
        -0.191342, -0.490393],
    [0.353553, -0.0975452, -0.46194, 0.277785, 0.353553, -0.415735,
        -0.191342, 0.490393],
    [0.353553, -0.277785, -0.191342, 0.490393, -0.353553, -0.0975452,
        0.46194, -0.415735],
    [0.353553, -0.415735, 0.191342, 0.0975452, -0.353553, 0.490393,
        -0.46194, 0.277785],
    [0.353553, -0.490393, 0.46194, -0.415735, 0.353553, -0.277785,
        0.191342, -0.0975452]])


charl = np.array([
    [0.9998837279874306, 0.015248004236256054, 0.00016991238010768267,
        1.5974231742782833 * 10 ** -6, 1.3438141387400052 * 10 ** -8,
        1.044629184769896 * 10 ** -10, 7.65805239811894 * 10 ** -13,
        5.368959525050691 * 10 ** -15],
    [0.015248083901691809, -0.9996459740908075, -0.021802106907645925,
        -0.000300906698750956, -3.3039232201175828 * 10 ** -6,
        -4.980890016007353 * 10 ** -8, -1.6691315886421173 * 10 ** -6,
        -0.0001696960864649288],
    [0.00016260788505943172, -0.02180233735356971, 0.9993975676759448,
        0.02699896227441713, 0.00043517228298216645,
        5.402967912720989 * 10 ** -6, 6.709356308498744 * 10 ** -8,
        8.434317507180332 * 10 ** -7],
    [1.4001124306601471 * 10 ** -6, -0.00028797288360211335,
        0.02699939846449393, -0.9991380328805438, -0.03152476125962222,
        -0.0005746031933943799, -7.904902487912597 * 10 ** -6,
        -9.738674978180359 * 10 ** -8],
    [1.0323347322735697 * 10 ** -8, -2.8956440588959214 * 10 ** -6,
        0.00041647053253095044, -0.03152545459149283,
        0.9988668727156759, 0.03564301466273103, 0.000719886493850049,
        0.000010821102813437182],
    [6.731222467029042 * 10 ** -11, -2.4143052159441515 * 10 ** -8,
        4.735556867090698 * 10 ** -6, -0.000549913709223826,
        0.0356440160018571, -0.9985835681397931, -0.03948796649790333,
        -0.000871457436712465],
    [3.961071104562752 * 10 ** -13, -1.7443101738804658 * 10 ** -10,
        4.375000845618494 * 10 ** -8, -6.928598791421721 * 10 ** -6,
        0.0006889602276005678, -0.039489327593173355,
        0.9982875770934406, 0.04313897488452312],
    [2.1333347870048776 * 10 ** -15, -1.1215461977501954 * 10 ** -12,
        3.453707702677198 * 10 ** -10, -6.994077424263778 * 10 ** -8,
        9.484777254003107 * 10 ** -6, -0.0008340269480696419,
        0.043140749225117604, -0.997978333492784]])

kravchuk = np.array([
            [0.014788509052639492, 0.05976704777718239, 0.15812874501494034,
                0.31183409050326755, 0.47633444133297786, 0.563606511672816,
                0.4970542223942977, 0.2869743891011879],
            [0.05976704777718239, 0.19225061768431334, 0.37822493307554444,
                0.48867320368524403, 0.35358662305013744, -0.04648548160447523,
                -0.4509597543018667, -0.4970542223942976],
            [0.15812874501494031, 0.37822493307554444, 0.47487545735697906,
                0.22358555409507114, -0.25243712088359754,
                -0.4158200331874355, 0.04648548160447522, 0.5636065116728158],
            [0.3118340905032675, 0.48867320368524403, 0.22358555409507114,
                -0.29850879384031553, -0.33048071048095984, 0.2524371208835975,
                0.3535866230501373, -0.47633444133297764],
            [0.47633444133297775, 0.3535866230501374, -0.2524371208835975,
                -0.3304807104809598, 0.29850879384031553, 0.22358555409507105,
                -0.4886732036852439, 0.3118340905032674],
            [0.563606511672816, -0.046485481604475215, -0.4158200331874355,
                0.25243712088359743, 0.2235855540950711, -0.47487545735697895,
                0.3782249330755442, -0.15812874501494023],
            [0.4970542223942977, -0.4509597543018667, 0.04648548160447522,
                0.3535866230501373, -0.48867320368524403, 0.3782249330755443,
                -0.19225061768431323, 0.05976704777718234],
            [0.28697438910118783, -0.4970542223942976, 0.5636065116728158,
                -0.47633444133297764, 0.31183409050326744,
                -0.15812874501494023, 0.05976704777718234,
                -0.01478850905263948]])

kravchuksob = np.array([
            [0.0078125, -0.0358013726168425, 0.1074041178505275,
                -0.2401629085771781, 0.4159743597491918,
                -0.5580881671776871, 0.5580881671776871, -0.36535446722156006],
            [0.0358013726168425, -0.1328125, 0.3046875, -0.4716705890038619,
                0.4538652358836818, -0.12178482240718681, -0.3653544672215599,
                0.558088167177687],
            [0.1074041178505275, -0.3046875, 0.47656250000000006,
                -0.3668549025585594, -0.09077304717673616, 0.4465443488263511,
                -0.12178482240718679, -0.558088167177687],
            [0.2401629085771781, -0.47167058900386194, 0.3668549025585594,
                0.14843749999999986, -0.41948105495808746, -0.09077304717673615,
                0.45386523588368155, 0.4159743597491915],
            [0.4159743597491918, -0.4538652358836817, -0.09077304717673618,
                0.41948105495808746, 0.14843749999999978, -0.3668549025585592,
                -0.4716705890038616, -0.2401629085771779],
            [0.5580881671776871, -0.12178482240718683, -0.44654434882635113,
                -0.09077304717673615, 0.3668549025585592, 0.4765624999999997,
                0.3046874999999997, 0.10740411785052736],
            [0.5580881671776871, 0.3653544672215599, -0.1217848224071868,
                -0.4538652358836815, -0.47167058900386166, -0.3046874999999997,
                -0.13281249999999986, -0.03580137261684245],
            [0.36535446722156006, 0.5580881671776868, 0.5580881671776867,
                0.4159743597491915, 0.24016290857717787, 0.10740411785052736,
                0.03580137261684245, 0.007812499999999987]])
