'''
Conmon 8x8 transforms
'''
import numpy as np


KRAWTCHOUK = np.array([
    [0.014788509052639492, 0.05976704777718239, 0.15812874501494034,
        0.31183409050326755, 0.47633444133297786, 0.563606511672816,
        0.4970542223942977, 0.2869743891011879],
    [0.05976704777718239, 0.19225061768431334, 0.37822493307554444,
        0.48867320368524403, 0.35358662305013744, -0.04648548160447523,
        -0.4509597543018667, -0.4970542223942976],
    [0.15812874501494031, 0.37822493307554444, 0.47487545735697906,
        0.22358555409507114, -0.25243712088359754,
        -0.4158200331874355, 0.04648548160447522, 0.5636065116728158],
    [0.3118340905032675, 0.48867320368524403, 0.22358555409507114,
        -0.29850879384031553, -0.33048071048095984, 0.2524371208835975,
        0.3535866230501373, -0.47633444133297764],
    [0.47633444133297775, 0.3535866230501374, -0.2524371208835975,
        -0.3304807104809598, 0.29850879384031553, 0.22358555409507105,
        -0.4886732036852439, 0.3118340905032674],
    [0.563606511672816, -0.046485481604475215, -0.4158200331874355,
        0.25243712088359743, 0.2235855540950711, -0.47487545735697895,
        0.3782249330755442, -0.15812874501494023],
    [0.4970542223942977, -0.4509597543018667, 0.04648548160447522,
        0.3535866230501373, -0.48867320368524403, 0.3782249330755443,
        -0.19225061768431323, 0.05976704777718234],
    [0.28697438910118783, -0.4970542223942976, 0.5636065116728158,
        -0.47633444133297764, 0.31183409050326744,
        -0.15812874501494023, 0.05976704777718234,
        -0.01478850905263948]])


TCHEBICHEF = np.array([
    [0.35355339059327373, -0.5400617248673217, 0.5400617248673217,
        -0.43082021842766455, 0.2820380374088831, -0.14978617237881953,
        0.06154574548966636, -0.01706971854997297],
    [0.35355339059327373, -0.3857583749052298, 0.07715167498104596,
        0.3077287274483318, -0.5237849266164972, 0.49215456638754984,
        -0.3077287274483318, 0.1194880298498108],
    [0.35355339059327373, -0.23145502494313785, -0.23145502494313785,
        0.43082021842766455, -0.12087344460380704,
        -0.36376641863427595, 0.5539117094069973,
        -0.35846408954943243],
    [0.35355339059327373, -0.07715167498104596, -0.3857583749052298,
        0.1846372364689991, 0.3626203338114211, -0.3209703693831847,
        -0.3077287274483318, 0.597440149249054],
    [0.35355339059327373, 0.07715167498104596, -0.3857583749052298,
        -0.1846372364689991, 0.3626203338114211, 0.3209703693831847,
        -0.3077287274483318, -0.597440149249054],
    [0.35355339059327373, 0.23145502494313785, -0.23145502494313785,
        -0.43082021842766455, -0.12087344460380704,
        0.36376641863427595, 0.5539117094069973,
        0.35846408954943243],
    [0.35355339059327373, 0.3857583749052298, 0.07715167498104596,
        -0.3077287274483318, -0.5237849266164972, -0.49215456638754984,
        -0.3077287274483318, -0.1194880298498108],
    [0.35355339059327373, 0.5400617248673217, 0.5400617248673217,
        0.43082021842766455, 0.2820380374088831, 0.14978617237881953,
        0.06154574548966636,	0.01706971854997297]])


HAHN = np.array([
    [0.020844343363653664, 0.06113926570603677, 0.1312996355024941,
        0.23577511814026367, 0.36798320706325793, 0.4988575698636855,
        0.5647986409324659, 0.4687536479127357],
    [0.052481836289041066, 0.14176225462999703, 0.26808244712816925,
        0.39327810995867857, 0.43119734150966726, 0.2588863688375387,
        -0.1893818556083849, -0.6795546065346644],
    [0.10452484372757105, 0.2508504812438988, 0.3887396060132859,
        0.3891944450060968, 0.11866905764522356, -0.3544053311978165,
        -0.4721231587384298, 0.5108542206495585],
    [0.18436263199769187, 0.37032400006743543, 0.40213598751775864,
        0.1028336672810222, -0.386720537515591, -0.3544388598608489,
        0.5729720465396405, -0.2304469433122525],
    [0.297127285143801, 0.44585931578813026, 0.18795999554941992,
        -0.36610529127927693, -0.3405287251163657, 0.5800583687706733,
        -0.29474383976698004, 0.06527899989693908],
    [0.4375507500615115, 0.3678445982451519, -0.2721367174611338,
        -0.4158159410652254, 0.5732114162852858, -0.30112981279860745,
        0.08302453776525298, -0.011611935282016402],
    [0.5706334137416741, -0.009297015244049878, -0.5563814812920543,
        0.5391339221805104, -0.2612016071827782, 0.0752716369275076,
        -0.013103382949710269, 0.0012394729757713454],
    [0.5886750987100481, -0.6647653811377809, 0.4232170458242856,
        -0.17347615268625866, 0.04758857669296349,
        -0.00873121962806434, 0.0010301639438291246,
        -0.00006860605997142766]])


CHARLIER = np.array([
    [0.99965, 0.0264483, 0.000494802, 7.55822*10 ** -6,
        9.99858*10 ** -8, 1.18305*10 ** -9, 1.27784*10 ** -11,
        1.27784*10 ** -13],
    [0.0264483, -0.99895, -0.0373904, -0.000856821, -0.0000151138,
        -2.23544*10 ** -7, -2.89753*10 ** -9, -3.3805*10 ** -11],
    [0.000494802, -0.0373904, 0.998251, 0.0457777, 0.00121145,
        0.0000238928, 3.87135*10 ** -7, 5.42014*10 ** -9],
    [7.55822*10 ** -6, -0.000856821, 0.0457777, -0.997552, -0.052841,
        -0.0015636, -0.0000337836, -5.91276*10 ** -7],
    [9.99858*10 ** -8, -0.0000151138, 0.00121145, -0.052841, 0.996853,
        0.0590573, 0.00191457, 0.0000446837],
    [1.18305*10 ** -9, -2.23544*10 ** -7, 0.0000238928, -0.0015636,
        0.0590573, -0.996154, -0.0646714, -0.00226482],
    [1.27784*10 ** -11, -2.89753*10 ** -9, 3.87135*10 ** -7,
        -0.0000337836, 0.00191457, -0.0646714, 0.995455, 0.0698286],
    [1.27784*10 ** -13, -3.3805*10 ** -11, 5.42014*10 ** -9,
        -5.91276*10 ** -7, 0.0000446837, -0.00226482, 0.0698286,
        -0.994757]])


MEIXNER = np.array([
    [1., -0.0000591608, 9.35742*10 ** -8, -1.70872*10 ** -10,
        3.30931*10 ** -13, -6.6192*10 ** -16, 1.35123*10 ** -18,
        -2.79748*10 ** -21],
    [0.0000591608, 0.999995, -0.00316337, 8.66476*10 ** -6,
        -2.23749*10 ** -8, 5.59422*10 ** -11, -1.37039*10 ** -13,
        3.31001*10 ** -16],
    [9.35742*10 ** -8, 0.00316337, 0.99998, -0.0054781,
        0.0000212191, -7.07366*10 ** -8, 2.16601*10 ** -10,
        -6.27806*10 ** -13],
    [1.70872*10 ** -10, 8.66476*10 ** -6, 0.0054781, 0.999955,
        -0.00774664, 0.0000387368, -1.58154*10 ** -7, 5.73*10 ** -10],
    [3.30931*10 ** -13, 2.23749*10 ** -8, 0.0000212191, 0.00774664,
        0.99992, -0.0100004, 0.0000612444, -2.95857*10 ** -7],
    [6.6192*10 ** -16, 5.59422*10 ** -11, 7.07366*10 ** -8,
        0.0000387368, 0.0100004, 0.999875, -0.0122474, 0.0000887474],
    [1.35123*10 ** -18, 1.37039*10 ** -13, 2.16601*10 ** -10,
        1.58154*10 ** -7, 0.0000612444, 0.0122474, 0.99982, -0.0144907],
    [2.79748*10 ** -21, 3.31001*10 ** -16, 6.27806*10 ** -13,
        5.73*10 ** -10, 2.95857*10 ** -7, 0.0000887474, 0.0144907,
        0.999755]])


QKRAWTCHOUK = np.array([
    [0.18539645166760085, 0.2825816482827771, 0.3460215748867726,
        0.3889025909972515, 0.4177941669743463, 0.42881834247987494,
        0.40372793747590957, 0.3055588779397952],
    [0.395411348421577, 0.4357787428183706, 0.3539602170913294,
        0.2098304977628358, 0.024537632524196072, -0.1940536421314626,
        -0.4155841291042027, -0.5229349863746481],
    [0.5401173822938182, 0.2991665261118953, -0.021880196830320317,
        -0.2645644494976207, -0.36977877335213216, -0.2810488286164145,
        0.06354715230604967, 0.573181023928939],
    [0.537835275457792, -0.08500684942187758, -0.37994974272108845,
        -0.29599968656864256, 0.023591309947704715, 0.3667420314157873,
        0.3559724337019541, -0.45799212822310825],
    [0.4056792837311342, -0.43921194995839613, -0.26163675582244705,
        0.2135247534828074, 0.40405786168114327, 0.04417925228689853,
        -0.5351775021547803, 0.2772021801616133],
    [0.23178685170421587, -0.5292720589043779, 0.23117462598254104,
        0.40125272259375666, -0.15457766400599873, -0.4709490186738018,
        0.43573118094126323, -0.12708891969507963],
    [0.09654212790676305, -0.37100211971729635, 0.5566052884459103,
        -0.1663059750907417, -0.4399936555364608, 0.5177534241505252,
        -0.22826017515373573, 0.04247572876978557],
    [0.025753499441503583, -0.1511261142525445, 0.4224165451316559,
        -0.6425430175854634, 0.5538967600530231, -0.27047450658546335,
        0.0718306452563054,	-0.00909212300966038]])

QHAHN = np.array([
    [0.2052219159269569, 0.34627993522680994, 0.4224976551118302,
        0.4541535332581853, 0.44240469512481106, 0.3860566402159876,
        0.2878354458863353, 0.16001119868551938],
    [0.23387207841187363, 0.3547385762833426, 0.3321495234287925,
        0.18548811759774547, -0.059599273527367866,
        -0.33995587357779056, -0.5412523008033661, -0.5125028031551444],
    [0.2665219687363077, 0.3452334574493527, 0.18519612447243086,
        -0.12090300057534453, -0.39377886414390084,
        -0.3855409433686129, 0.061600293785085386, 0.6733249965034173],
    [0.30372997196347223, 0.30606716619172303, -0.021850792208265524,
        -0.3730186197941136, -0.338368428356494, 0.2023214596927297,
        0.5459140542403523, -0.4701077803008858],
    [0.34613242693026974, 0.2194982022719369, -0.26730604992402235,
        -0.40345418781447434, 0.16664788044079792, 0.5087460165646112,
        -0.5250938980137981, 0.18832803582747465],
    [0.3944545090434705, 0.058779845724556204, -0.466772109329716,
        -0.02480703189840839, 0.5633189775099963, -0.5081767010635988,
        0.21216317645790023, -0.043288979898523865],
    [0.44952263237697365, -0.21623070653303353, -0.3940113095776898,
        0.6215776188055796, -0.4237034249657682, 0.16847303902997993,
        -0.040426687638427466, 0.005287908548432427],
    [0.5122785831733382, -0.6655803851383599, 0.4814807632938931,
        -0.2362813862776, 0.08091134880587299, -0.019111482022887667,
        0.002969832566185259, -0.0002649556238238407]])


QCHARLIER = np.array([
    [0.9998837279874306, 0.015248004236256054, 0.00016991238010768267,
        1.5974231742782833 * 10 ** -6, 1.3438141387400052 * 10 ** -8,
        1.044629184769896 * 10 ** -10, 7.65805239811894 * 10 ** -13,
        5.368959525050691 * 10 ** -15],
    [0.015248083901691809, -0.9996459740908075, -0.021802106907645925,
        -0.000300906698750956, -3.3039232201175828 * 10 ** -6,
        -4.980890016007353 * 10 ** -8, -1.6691315886421173 * 10 ** -6,
        -0.0001696960864649288],
    [0.00016260788505943172, -0.02180233735356971, 0.9993975676759448,
        0.02699896227441713, 0.00043517228298216645,
        5.402967912720989 * 10 ** -6, 6.709356308498744 * 10 ** -8,
        8.434317507180332 * 10 ** -7],
    [1.4001124306601471 * 10 ** -6, -0.00028797288360211335,
        0.02699939846449393, -0.9991380328805438, -0.03152476125962222,
        -0.0005746031933943799, -7.904902487912597 * 10 ** -6,
        -9.738674978180359 * 10 ** -8],
    [1.0323347322735697 * 10 ** -8, -2.8956440588959214 * 10 ** -6,
        0.00041647053253095044, -0.03152545459149283,
        0.9988668727156759, 0.03564301466273103, 0.000719886493850049,
        0.000010821102813437182],
    [6.731222467029042 * 10 ** -11, -2.4143052159441515 * 10 ** -8,
        4.735556867090698 * 10 ** -6, -0.000549913709223826,
        0.0356440160018571, -0.9985835681397931, -0.03948796649790333,
        -0.000871457436712465],
    [3.961071104562752 * 10 ** -13, -1.7443101738804658 * 10 ** -10,
        4.375000845618494 * 10 ** -8, -6.928598791421721 * 10 ** -6,
        0.0006889602276005678, -0.039489327593173355,
        0.9982875770934406, 0.04313897488452312],
    [2.1333347870048776 * 10 ** -15, -1.1215461977501954 * 10 ** -12,
        3.453707702677198 * 10 ** -10, -6.994077424263778 * 10 ** -8,
        9.484777254003107 * 10 ** -6, -0.0008340269480696419,
        0.043140749225117604, -0.997978333492784]])


QMEIXNER = np.array([
    [0.9999694064177117, 0.007822019488352918, 0.00004732513976661579,
        2.5369314115332985 * 10 ** -7, 1.2700340438125377 * 10 ** -9,
        6.101264896509493 * 10 ** -12, 2.8586868606830213 * 10 ** -14,
        1.3202175843395738 * 10 ** -16],
    [0.007822031535810608, -0.9998993117054192, -0.011839492922249902,
        -0.00009317004090494832, -6.100235642829061 * 10 ** -7,
        -1.6499334137845408 * 10 ** -7, -0.000022929888310570244,
        -0.0035395947482140615],
    [0.00004529031607572878, -0.011839531730496476, 0.9998113266402108,
        0.015398465673249387, 0.0001476914333726782,
        1.1338374839243838 * 10 ** -6, 8.330406706548354 * 10 ** -8,
        9.545393850927357 * 10 ** -6],
    [2.2235508193487305 * 10 ** -7, -0.00008916425671335137,
        0.015398548992426833, -0.9997052836068753,
        -0.018766405788556446, -0.00021137035316080602,
        -1.8588281776571512 * 10 ** -6, -5.507090496956951 * 10 ** -8],
    [9.75642468127285 * 10 ** -10, -5.33536400492677 * 10 ** -7,
        0.0001413419898244713, -0.018766554856974888,
        0.9995809806189337, 0.022035850824719313,
        0.0002844228479667273, 2.8164147609556573 * 10 ** -6],
    [3.9313737066432856 * 10 ** -12, -2.74908068393852 * 10 ** -9,
        9.93175095790533 * 10 ** -7, -0.00020228401529219568,
        0.022036090580916424, -0.9994381809506171,
        -0.025249901553571933, -0.0003670224135420201],
    [1.4786053198300364 * 10 ** -14, -1.269421194044195 * 10 ** -11,
        5.864280373505197 * 10 ** -9, -1.6288589996591068 * 10 ** -6,
        0.0002721972914575834, -0.025250260792704187,
        0.9992766127060426, 0.028432209012686734],
    [5.2457132040468467 * 10 ** -17, -5.376545195088004 * 10 ** -14,
        3.0494612980536056 * 10 ** -11, -1.083087442102932 * 10 ** -8,
        2.468305750990908 * 10 ** -6, -0.0003512480874754926,
        0.02843272053959757, -0.9990959683246617]])

DCT2 = np.array([
    [0.353553, 0.490393, 0.46194, 0.415735, 0.353553, 0.277785,
        0.191342, 0.0975452],
    [0.353553, 0.415735, 0.191342, -0.0975452, -0.353553, -0.490393,
        -0.46194, -0.277785],
    [0.353553, 0.277785, -0.191342, -0.490393, -0.353553, 0.0975452,
        0.46194, 0.415735],
    [0.353553, 0.0975452, -0.46194, -0.277785, 0.353553, 0.415735,
        -0.191342, -0.490393],
    [0.353553, -0.0975452, -0.46194, 0.277785, 0.353553, -0.415735,
        -0.191342, 0.490393],
    [0.353553, -0.277785, -0.191342, 0.490393, -0.353553, -0.0975452,
        0.46194, -0.415735],
    [0.353553, -0.415735, 0.191342, 0.0975452, -0.353553, 0.490393,
        -0.46194, 0.277785],
    [0.353553, -0.490393, 0.46194, -0.415735, 0.353553, -0.277785,
        0.191342, -0.0975452]])


# Quantum q-Krawtchouk
QQKRAWTCHOUK = np.array([
    [0.06414384560272754, 0.12811524453110248, 0.19346136274824455,
        0.25509160702772166, 0.31237599619623846, 0.37022300010091164,
        0.4466177634824035, 0.6654785983608338],
    [0.34886194537855786, 0.4823330464147747, 0.4789966358975797,
        0.3784207415364328, 0.22468467820766128, 0.04844268769009295,
        -0.14391947507826922, -0.4466177634824035],
    [0.6300997751887627, 0.3681360262571768, -0.04050023317925452,
        -0.31583644969769886, -0.3851127527478498,
        -0.27988142401745586, -0.04844268769009295,
        0.37022300010091164],
    [0.5941859865471867, -0.2689014713730224, -0.4493031564322132,
        -0.1173958095173869, 0.25021212932685455, 0.3851127527478498,
        0.22468467820766128, -0.31237599619623846],
    [0.3321819765789349, -0.5976133325097217, 0.10849577783847439,
        0.44601982106527754, 0.1173958095173869, -0.31583644969769886,
        -0.3784207415364328, 0.25509160702772166],
    [0.11473475811118164, -0.40705080419513245, 0.5822332633329694,
        -0.10849577783847439, -0.4493031564322132, 0.04050023317925452,
        0.4789966358975797, -0.19346136274824455],
    [0.024118464687374986, -0.14034040256398747, 0.40705080419513245,
        -0.5976133325097217, 0.2689014713730224, 0.3681360262571768,
        -0.4823330464147747, 0.12811524453110248],
    [0.0027506752631132735, -0.024118464687374986, 0.11473475811118164,
        -0.3321819765789349, 0.5941859865471867, -0.6300997751887627,
        0.34886194537855786,	-0.06414384560272754]])


# Affine q-Krawtchouk
AQKRAWTCHOUK = np.array([
    [0.16048523266852996, 0.2540651833537913, 0.33918545497416225,
        0.41092659243600005, 0.4557566928062632, 0.45458608647749293,
        0.3879210812462943, 0.24686534210723157],
    [0.2540651833537913, 0.3457967534662106, 0.36383652981234377,
        0.28689268102752813, 0.09651782147459151, -0.190878259039284,
        -0.48111705054725185, -0.5691812023277163],
    [0.3391854549741623, 0.36383652981234377, 0.22899914594827595,
        -0.03774549137865296, -0.32980032553894606, -0.4226032415178813,
        -0.062376030330078484, 0.6383246447669633],
    [0.410926592436, 0.2868926810275283, -0.03774549137865295,
        -0.35243679064405486, -0.34600973026724785,
        0.14282362714355895, 0.5543724715723367,
        -0.4192199333710161],
    [0.4557566928062632, 0.09651782147459151, -0.32980032553894645,
        -0.34600973026724835, 0.19497483796313278, 0.48376418765573365,
        -0.5026514906669998, 0.17256205019689252],
    [0.4545860864774929, -0.19087825903928396, -0.42260324151788126,
        0.14282362714355998, 0.48376418765573764, -0.5205191442375479,
        0.22561720201405944, -0.0453188854089711],
    [0.3879210812462943, -0.48111705054725185, -0.06237603033007847,
        0.5543724715723386, -0.5026514906670037, 0.22561720201405167,
        -0.056636688873947086, 0.007392872204135235],
    [0.2468653421072316, -0.5691812023277164, 0.6383246447669633,
        -0.41921993337101626, 0.17256205019690252,
        -0.045318885408931364, 0.0073928722039995586,
        -0.0006633462915966788]])


# Dual Hahn discrete orthogonal polynomial
DHAHN = np.array([
    [0.353553, -0.353553, 0.353553, -0.353553, 0.353553, -0.353553,
        0.353553, -0.353553],
    [0.540062, -0.385758, 0.231455, -0.0771517, -0.0771517, 0.231455,
        -0.385758, 0.540062],
    [0.540062, -0.0771517, -0.231455, 0.385758, -0.385758, 0.231455,
        0.0771517, -0.540062],
    [0.43082, 0.307729, -0.43082, 0.184637, 0.184637, -0.43082,
        0.307729, 0.43082],
    [0.282038, 0.523785, -0.120873, -0.36262, 0.36262, 0.120873,
        -0.523785, -0.282038],
    [0.149786, 0.492155, 0.363766, -0.32097, -0.32097, 0.363766,
        0.492155, 0.149786],
    [0.0615457, 0.307729, 0.553912, 0.307729, -0.307729, -0.553912,
        -0.307729, -0.0615457],
    [0.0170697, 0.119488, 0.358464, 0.59744, 0.59744, 0.358464,
        0.119488, 0.0170697]])


RACAH = np.array([
    [0.125, -0.216506, 0.279508, -0.330719, 0.375, -0.414578, 0.450694,
        -0.484123],
    [0.216506, -0.35119, 0.391909, -0.354604, 0.237126, -0.0341938,
        -0.260208, 0.652186],
    [0.279508, -0.391909, 0.291667, -0.0352148, -0.279508, 0.485584,
        -0.335927, -0.505181],
    [0.330719, -0.354604, 0.0352148, 0.352273, -0.4338, -0.0142451,
        0.614279, 0.271699],
    [0.375, -0.237126, -0.279508, 0.4338, 0.125, -0.554566, -0.450694,
        -0.102693],
    [0.414578, -0.0341938, -0.485584, -0.0142451, 0.554566, 0.498626,
        0.18467, 0.0261995],
    [0.450694, 0.260208, -0.335927, -0.614279, -0.450694, -0.18467,
        -0.0416667, -0.00406883],
    [0.484123, 0.652186, 0.505181, 0.271699, 0.102693, 0.0261995,
        0.00406883, 0.000291375]])


# Kravchuk-Sobolev type polynomials of higher order
KRAVCHUKS = np.array([
    [0.0883883, -0.233854, 0.405046, -0.522911, 0.522909, -0.405041,
        0.233849, -0.0883861],
    [0.233854, -0.441942, 0.459279, -0.197641, -0.197644, 0.459279,
        -0.44194, 0.233853],
    [0.405046, -0.459279, 0.0883882, 0.342326, -0.342325, -0.0883904,
        0.45928, -0.405046],
    [0.522913, -0.197642, -0.342327, 0.265164,  0.265166, -0.342326,
        -0.197643, 0.522913],
    [0.522913, 0.197642, -0.342326, -0.265165, 0.265164, 0.342327,
        -0.197642, -0.522913],
    [0.405046, 0.459279, 0.0883884, -0.342326, -0.342327, 0.0883877,
        0.459279, 0.405046],
    [0.233854, 0.441942, 0.459279, 0.197643, -0.197642, -0.459279,
        -0.441942, -0.233854],
    [0.0883883, 0.233854, 0.405046, 0.522912, 0.522913, 0.405047,
        0.233854, 0.0883884]])
